TITLE:ÑÝÊ¾Òô˜·
BPM:132
WAVE:test.ogg
OFFSET:-0.4017
SONGVOL:80

COURSE:3
LEVEL:7
#START
0000000000000000,
0,
0,
0,
3,
0,
0,
4004004040040040,
400400400400400400400400,
4444,
4444,
4444,
4444,
4444,
4444,
3000300030003000,
1002102010221020,
1002102010221020,
1002102010221020,
1002102010221020,
1002102010221020,
1002102010221020,
1002102010221020,
4004004040040040,
#GOGOSTART
1002102012001000,
1002102012002020,
1002102012001000,
1002102011202020,
1002102012001000,
1002102012002020,
1002102012001020,
1002102012002020,
11111111,
11111111,
1111111111111110,
4,
0,
0,
0,
0,
#GOGOEND
#END